Time, theta1, theta2 ,theta3, gripper_x, gripper_y, gripper_z
0.00320, 0.00000, 0.00000, 0.03491, 0.00005, -0.00507, 0.53954
0.05630, 0.05236, 0.00000, 0.05236, 0.00055, -0.01316, 0.53888
0.11300, 0.08727, 0.01745, 0.08727, 0.00163, -0.02529, 0.53798
0.17130, 0.12217, 0.03491, 0.12217, 0.00294, -0.03577, 0.53660
0.22610, 0.15708, 0.06981, 0.15708, 0.00476, -0.05068, 0.53394
0.28310, 0.17453, 0.08727, 0.17453, 0.00824, -0.06248, 0.53120
0.33880, 0.20944, 0.12217, 0.22689, 0.01163, -0.07440, 0.52649
0.39650, 0.24435, 0.15708, 0.24435, 0.01588, -0.09067, 0.52210
0.45230, 0.27925, 0.19199, 0.27925, 0.02281, -0.10300, 0.51682
0.51060, 0.31416, 0.22689, 0.31416, 0.02873, -0.11857, 0.50879
0.56700, 0.34907, 0.26180, 0.34907, 0.03793, -0.12983, 0.50186
0.62290, 0.36652, 0.31416, 0.38397, 0.04574, -0.14087, 0.49130
0.68060, 0.40143, 0.34907, 0.40143, 0.05414, -0.15454, 0.48223
0.73670, 0.43633, 0.38397, 0.43633, 0.06604, -0.16404, 0.47249
0.79260, 0.45379, 0.43633, 0.47124, 0.07563, -0.17287, 0.45812
0.84880, 0.50615, 0.47124, 0.50615, 0.08906, -0.18337, 0.44625
0.90480, 0.52360, 0.52360, 0.54105, 0.09946, -0.19017, 0.43360
0.96170, 0.55850, 0.57596, 0.55850, 0.11358, -0.19768, 0.41547
1.02080, 0.59341, 0.61086, 0.59341, 0.12438, -0.20209, 0.40081
1.07770, 0.62832, 0.68068, 0.62832, 0.13503, -0.20607, 0.38045
1.13390, 0.66322, 0.73304, 0.66322, 0.14900, -0.20767, 0.36409
1.18990, 0.68068, 0.78540, 0.69813, 0.15893, -0.20794, 0.34184
1.24740, 0.71558, 0.83776, 0.71558, 0.17095, -0.20518, 0.32618
1.30400, 0.75049, 0.87266, 0.75049, 0.17880, -0.20073, 0.31243
1.36000, 0.78540, 0.89012, 0.78540, 0.18560, -0.19296, 0.29927
1.41730, 0.82030, 0.92502, 0.78540, 0.19479, -0.18642, 0.29353
1.47340, 0.83776, 0.94248, 0.78540, 0.20156, -0.17987, 0.29048
1.52900, 0.87266, 0.95993, 0.78540, 0.20849, -0.17069, 0.29029
1.58520, 0.90757, 0.95993, 0.78540, 0.21712, -0.16354, 0.29110
1.64250, 0.94248, 0.95993, 0.78540, 0.22322, -0.15608, 0.29274
1.69910, 0.97738, 0.95993, 0.78540, 0.23058, -0.14572, 0.29395
1.75510, 0.99484, 0.95993, 0.78540, 0.23538, -0.13791, 0.29539
1.81350, 1.02974, 0.95993, 0.78540, 0.23973, -0.12736, 0.29629
1.86930, 1.04720, 0.95993, 0.78540, 0.24464, -0.11978, 0.29708
1.92520, 1.04720, 0.94248, 0.78540, 0.24755, -0.11302, 0.29816
1.98200, 1.04720, 0.94248, 0.78540, 0.25040, -0.10570, 0.29896
2.03790, 1.04720, 0.94248, 0.78540, 0.25172, -0.10192, 0.29982
2.09400, 1.04720, 0.94248, 0.78540, 0.25238, -0.09929, 0.30110
2.15010, 1.04720, 0.94248, 0.78540, 0.25231, -0.09902, 0.30211
2.20600, 1.04720, 0.94248, 0.78540, 0.25159, -0.10014, 0.30344
2.26480, 1.04720, 0.92502, 0.78540, 0.24986, -0.10348, 0.30449
2.32100, 1.04720, 0.92502, 0.78540, 0.24797, -0.10720, 0.30553
2.37720, 1.04720, 0.92502, 0.78540, 0.24571, -0.11320, 0.30692
2.43450, 1.04720, 0.90757, 0.78540, 0.24212, -0.11822, 0.30797
2.48980, 1.04720, 0.90757, 0.78540, 0.23916, -0.12339, 0.30938
2.54720, 1.04720, 0.90757, 0.78540, 0.23604, -0.13025, 0.31042
2.60330, 1.04720, 0.90757, 0.78540, 0.23187, -0.13494, 0.31148
2.65820, 1.04720, 0.89012, 0.78540, 0.22882, -0.13926, 0.31290
2.71590, 1.04720, 0.89012, 0.78540, 0.22525, -0.14392, 0.31399
2.77200, 1.04720, 0.89012, 0.78540, 0.22296, -0.14661, 0.31551
2.83260, 1.04720, 0.89012, 0.78540, 0.22067, -0.14894, 0.31671
2.88790, 1.04720, 0.87266, 0.78540, 0.21951, -0.14978, 0.31796
2.94520, 1.04720, 0.87266, 0.78540, 0.21892, -0.14972, 0.31960
3.00080, 1.04720, 0.87266, 0.78540, 0.21898, -0.14889, 0.32073
3.05710, 1.04720, 0.85521, 0.78540, 0.21962, -0.14744, 0.32201
3.11450, 1.04720, 0.85521, 0.78540, 0.22068, -0.14473, 0.32271
3.17060, 1.04720, 0.85521, 0.78540, 0.22263, -0.14223, 0.32316
3.22580, 1.04720, 0.85521, 0.78540, 0.22436, -0.13947, 0.32344
3.28190, 1.04720, 0.85521, 0.78540, 0.22683, -0.13554, 0.32341
3.33820, 1.04720, 0.85521, 0.78540, 0.22867, -0.13263, 0.32317
3.39610, 1.04720, 0.85521, 0.78540, 0.23047, -0.12879, 0.32283
3.45210, 1.04720, 0.85521, 0.78540, 0.23261, -0.12624, 0.32246
3.50900, 1.04720, 0.85521, 0.78540, 0.23398, -0.12398, 0.32197
3.56520, 1.04720, 0.85521, 0.78540, 0.23541, -0.12160, 0.32165
3.62250, 1.04720, 0.85521, 0.78540, 0.23618, -0.12032, 0.32132
3.67900, 1.04720, 0.85521, 0.78540, 0.23666, -0.11936, 0.32115
3.73630, 1.04720, 0.85521, 0.78540, 0.23689, -0.11919, 0.32105
3.79420, 1.04720, 0.85521, 0.78540, 0.23677, -0.11965, 0.32102
3.85090, 1.04720, 0.85521, 0.78540, 0.23626, -0.12048, 0.32104
3.90700, 1.04720, 0.85521, 0.78540, 0.23567, -0.12162, 0.32114
3.96430, 1.04720, 0.85521, 0.78540, 0.23462, -0.12356, 0.32121
4.02120, 1.04720, 0.85521, 0.78540, 0.23369, -0.12524, 0.32126
4.07860, 1.04720, 0.85521, 0.78540, 0.23272, -0.12758, 0.32135
4.13550, 1.04720, 0.85521, 0.78540, 0.23135, -0.12935, 0.32141
4.19170, 1.04720, 0.85521, 0.78540, 0.23037, -0.13101, 0.32146
4.24790, 1.04720, 0.85521, 0.78540, 0.22913, -0.13305, 0.32151
4.30530, 1.04720, 0.85521, 0.78540, 0.22832, -0.13436, 0.32153
4.36160, 1.04720, 0.85521, 0.78540, 0.22763, -0.13574, 0.32151
4.41840, 1.04720, 0.85521, 0.78540, 0.22697, -0.13645, 0.32154
4.47510, 1.04720, 0.85521, 0.78540, 0.22666, -0.13690, 0.32155
4.53200, 1.04720, 0.85521, 0.78540, 0.22651, -0.13709, 0.32157
4.58920, 1.04720, 0.85521, 0.78540, 0.22659, -0.13693, 0.32163
4.64610, 1.04720, 0.85521, 0.78540, 0.22681, -0.13636, 0.32164
4.70330, 1.04720, 0.85521, 0.78540, 0.22731, -0.13570, 0.32163
4.76030, 1.04720, 0.85521, 0.78540, 0.22779, -0.13460, 0.32166
4.81710, 1.04720, 0.85521, 0.78540, 0.22855, -0.13365, 0.32166
4.87450, 1.04720, 0.85521, 0.78540, 0.22915, -0.13266, 0.32167
4.92990, 1.04720, 0.85521, 0.78540, 0.22997, -0.13129, 0.32160
4.98820, 1.04720, 0.85521, 0.78540, 0.23056, -0.13032, 0.32158
5.04940, 1.04720, 0.85521, 0.78540, 0.23127, -0.12913, 0.32153
5.10480, 1.04720, 0.85521, 0.78540, 0.23173, -0.12837, 0.32152
5.16300, 1.04720, 0.85521, 0.78540, 0.23211, -0.12755, 0.32146
5.22030, 1.04720, 0.85521, 0.78540, 0.23247, -0.12713, 0.32145
5.27590, 1.04720, 0.85521, 0.78540, 0.23263, -0.12680, 0.32144
5.33460, 1.04720, 0.85521, 0.78540, 0.23271, -0.12675, 0.32143
5.39000, 1.04720, 0.85521, 0.78540, 0.23266, -0.12684, 0.32143
5.44740, 1.04720, 0.85521, 0.78540, 0.23253, -0.12718, 0.32139
5.50280, 1.04720, 0.85521, 0.78540, 0.23226, -0.12757, 0.32141
5.56020, 1.04720, 0.85521, 0.78540, 0.23200, -0.12822, 0.32143
5.61700, 1.04720, 0.85521, 0.78540, 0.23158, -0.12878, 0.32144
5.67450, 1.04720, 0.85521, 0.78540, 0.23124, -0.12937, 0.32146
5.73270, 1.04720, 0.85521, 0.78540, 0.23077, -0.13017, 0.32144
5.78880, 1.04720, 0.85521, 0.78540, 0.23043, -0.13074, 0.32145
5.84960, 1.04720, 0.85521, 0.78540, 0.23002, -0.13143, 0.32146
5.90640, 1.04720, 0.85521, 0.78540, 0.22975, -0.13187, 0.32148
5.96610, 1.04720, 0.85521, 0.78540, 0.22946, -0.13234, 0.32150