Time, Target theta1 = 1.570795, target theta2 = 1.047196666666667, target theta3 = 1.047196666666667, gripper_x, gripper_y, gripper_z
0.00290, 0.00000, 0.00000, 0.03491, 0.00004, -0.00499, 0.53766
0.05490, 0.05236, 0.00000, 0.05236, 0.00054, -0.01587, 0.53596
0.11300, 0.08727, 0.01745, 0.10472, 0.00164, -0.02539, 0.53492
0.17090, 0.12217, 0.05236, 0.12217, 0.00293, -0.03587, 0.53293
0.22700, 0.15708, 0.06981, 0.15708, 0.00545, -0.05070, 0.53084
0.28300, 0.17453, 0.08727, 0.19199, 0.00815, -0.06264, 0.52806
0.33890, 0.20944, 0.12217, 0.20944, 0.01156, -0.07872, 0.52334
0.39670, 0.24435, 0.15708, 0.24435, 0.01727, -0.09087, 0.51895
0.45250, 0.27925, 0.19199, 0.27925, 0.02246, -0.10285, 0.51190
0.50800, 0.31416, 0.22689, 0.31416, 0.02855, -0.11871, 0.50567
0.56380, 0.33161, 0.26180, 0.34907, 0.03771, -0.13008, 0.49867
0.62160, 0.36652, 0.31416, 0.38397, 0.04556, -0.14124, 0.48803
0.67840, 0.40143, 0.34907, 0.40143, 0.05669, -0.15479, 0.47908
0.73400, 0.43633, 0.40143, 0.43633, 0.06578, -0.16434, 0.46580
0.79400, 0.47124, 0.43633, 0.47124, 0.07874, -0.17600, 0.45479
0.85020, 0.48869, 0.47124, 0.50615, 0.08889, -0.18377, 0.44292
0.90750, 0.54105, 0.52360, 0.54105, 0.09909, -0.19265, 0.42581
0.96290, 0.55850, 0.57596, 0.57596, 0.11322, -0.19799, 0.41238
1.02130, 0.59341, 0.62832, 0.59341, 0.12413, -0.20247, 0.39265
1.07720, 0.62832, 0.68068, 0.62832, 0.13830, -0.20647, 0.37706
1.13470, 0.66322, 0.75049, 0.66322, 0.14856, -0.20803, 0.35544
1.19260, 0.69813, 0.78540, 0.69813, 0.15876, -0.20815, 0.33861
1.24840, 0.71558, 0.83776, 0.73304, 0.17169, -0.20668, 0.32099
1.30530, 0.75049, 0.90757, 0.75049, 0.18069, -0.20387, 0.29713
1.36160, 0.78540, 0.95993, 0.78540, 0.19157, -0.19804, 0.27886
1.41830, 0.82030, 1.02974, 0.82030, 0.19859, -0.19227, 0.25484
1.47830, 0.85521, 1.08210, 0.85521, 0.20607, -0.18196, 0.23767
1.53310, 0.87266, 1.11701, 0.89012, 0.21005, -0.17260, 0.22346
1.59030, 0.90757, 1.15192, 0.90757, 0.21332, -0.15918, 0.20960
1.64670, 0.94248, 1.16937, 0.94248, 0.21740, -0.14928, 0.20265
1.70270, 0.97738, 1.18682, 0.97738, 0.22048, -0.13966, 0.19661
1.75810, 1.01229, 1.20428, 1.01229, 0.22357, -0.12738, 0.19363
1.81410, 1.02974, 1.20428, 1.04720, 0.22730, -0.11849, 0.19143
1.87160, 1.06465, 1.20428, 1.04720, 0.23035, -0.11026, 0.19015
1.92870, 1.09956, 1.20428, 1.04720, 0.23496, -0.10058, 0.19042
1.98540, 1.13446, 1.20428, 1.04720, 0.23848, -0.09404, 0.19170
2.04260, 1.16937, 1.20428, 1.04720, 0.24283, -0.08598, 0.19297
2.10070, 1.18682, 1.20428, 1.04720, 0.24564, -0.08022, 0.19426
2.15600, 1.23918, 1.20428, 1.04720, 0.24799, -0.07283, 0.19580
2.21370, 1.25664, 1.18682, 1.04720, 0.25041, -0.06738, 0.19683
2.26970, 1.29154, 1.18682, 1.04720, 0.25184, -0.06202, 0.19805
2.32520, 1.32645, 1.18682, 1.04720, 0.25303, -0.05490, 0.19890
2.38120, 1.36136, 1.18682, 1.04720, 0.25443, -0.04945, 0.19974
2.43820, 1.37881, 1.16937, 1.04720, 0.25542, -0.04376, 0.20092
2.49400, 1.41372, 1.16937, 1.04720, 0.25667, -0.03596, 0.20186
2.55130, 1.44862, 1.16937, 1.04720, 0.25754, -0.02971, 0.20312
2.60800, 1.48353, 1.16937, 1.04720, 0.25831, -0.02093, 0.20410
2.66390, 1.51844, 1.16937, 1.04720, 0.25914, -0.01419, 0.20506
2.72160, 1.53589, 1.15192, 1.04720, 0.25957, -0.00687, 0.20634
2.77920, 1.57079, 1.15192, 1.04720, 0.25981, 0.00301, 0.20727
2.83540, 1.57079, 1.15192, 1.04720, 0.25974, 0.01026, 0.20850
2.89480, 1.57079, 1.15192, 1.04720, 0.25944, 0.01837, 0.20943
2.95090, 1.57079, 1.13446, 1.04720, 0.25917, 0.02318, 0.21067
3.00910, 1.57079, 1.13446, 1.04720, 0.25886, 0.02735, 0.21154
3.06830, 1.57079, 1.13446, 1.04720, 0.25876, 0.02880, 0.21238
3.12440, 1.57079, 1.13446, 1.04720, 0.25880, 0.02860, 0.21337
3.18000, 1.57079, 1.13446, 1.04720, 0.25909, 0.02697, 0.21400
3.23780, 1.57079, 1.13446, 1.04720, 0.25940, 0.02431, 0.21460
3.29550, 1.57079, 1.11701, 1.04720, 0.25987, 0.01950, 0.21490
3.35170, 1.57079, 1.11701, 1.04720, 0.26017, 0.01514, 0.21506
3.41160, 1.57079, 1.11701, 1.04720, 0.26043, 0.00892, 0.21508
3.46720, 1.57079, 1.11701, 1.04720, 0.26049, 0.00421, 0.21503
3.52450, 1.57079, 1.11701, 1.04720, 0.26043, -0.00163, 0.21489
3.58060, 1.57079, 1.11701, 1.04720, 0.26023, -0.00563, 0.21479
3.63580, 1.57079, 1.11701, 1.04720, 0.26001, -0.00896, 0.21464
3.69200, 1.57079, 1.11701, 1.04720, 0.25977, -0.01230, 0.21458
3.74930, 1.57079, 1.11701, 1.04720, 0.25951, -0.01388, 0.21456
3.80550, 1.57079, 1.11701, 1.04720, 0.25939, -0.01476, 0.21458
3.86290, 1.57079, 1.11701, 1.04720, 0.25931, -0.01453, 0.21460
3.92340, 1.57079, 1.11701, 1.04720, 0.25935, -0.01317, 0.21467
3.98060, 1.57079, 1.11701, 1.04720, 0.25948, -0.01148, 0.21473
4.03580, 1.57079, 1.11701, 1.04720, 0.25961, -0.00934, 0.21479
4.09640, 1.57079, 1.11701, 1.04720, 0.25977, -0.00602, 0.21480
4.15460, 1.57079, 1.11701, 1.04720, 0.25988, -0.00337, 0.21479
4.21230, 1.57079, 1.11701, 1.04720, 0.25998, 0.00015, 0.21477
4.26850, 1.57079, 1.11701, 1.04720, 0.26003, 0.00260, 0.21477
4.32630, 1.57079, 1.11701, 1.04720, 0.26004, 0.00551, 0.21473
4.38270, 1.57079, 1.11701, 1.04720, 0.26002, 0.00727, 0.21468
4.43810, 1.57079, 1.11701, 1.04720, 0.26000, 0.00895, 0.21463
4.49600, 1.57079, 1.11701, 1.04720, 0.25997, 0.00970, 0.21458
4.56160, 1.57079, 1.11701, 1.04720, 0.25995, 0.01000, 0.21454
4.61720, 1.57079, 1.11701, 1.04720, 0.25995, 0.00973, 0.21450
4.67670, 1.57079, 1.11701, 1.04720, 0.25999, 0.00881, 0.21449
4.73450, 1.57079, 1.11701, 1.04720, 0.26002, 0.00776, 0.21450
4.79190, 1.57079, 1.11701, 1.04720, 0.26005, 0.00600, 0.21450
4.84820, 1.57079, 1.11701, 1.04720, 0.26008, 0.00455, 0.21451
4.90640, 1.57079, 1.11701, 1.04720, 0.26010, 0.00255, 0.21455
4.96380, 1.57079, 1.11701, 1.04720, 0.26010, 0.00107, 0.21457
5.02210, 1.57079, 1.11701, 1.04720, 0.26008, -0.00073, 0.21458
5.08090, 1.57079, 1.11701, 1.04720, 0.26004, -0.00185, 0.21459
5.13880, 1.57079, 1.11701, 1.04720, 0.25999, -0.00302, 0.21459
5.19840, 1.57079, 1.11701, 1.04720, 0.25996, -0.00361, 0.21461
5.25650, 1.57079, 1.11701, 1.04720, 0.25994, -0.00400, 0.21465
5.31390, 1.57079, 1.11701, 1.04720, 0.25993, -0.00399, 0.21468
5.37190, 1.57079, 1.11701, 1.04720, 0.25993, -0.00364, 0.21470
5.43250, 1.57079, 1.11701, 1.04720, 0.25994, -0.00314, 0.21471
5.48920, 1.57079, 1.11701, 1.04720, 0.25995, -0.00226, 0.21472
5.54600, 1.57079, 1.11701, 1.04720, 0.25997, -0.00147, 0.21473
5.60450, 1.57079, 1.11701, 1.04720, 0.25999, -0.00061, 0.21469
5.66100, 1.57079, 1.11701, 1.04720, 0.25999, 0.00053, 0.21467
5.71860, 1.57079, 1.11701, 1.04720, 0.26000, 0.00135, 0.21465
5.77840, 1.57079, 1.11701, 1.04720, 0.26001, 0.00230, 0.21464
5.83380, 1.57079, 1.11701, 1.04720, 0.26003, 0.00290, 0.21464
5.89410, 1.57079, 1.11701, 1.04720, 0.26002, 0.00350, 0.21461
5.95080, 1.57079, 1.11701, 1.04720, 0.26003, 0.00378, 0.21459